,nilai,pras1,pras2
2,2.0,3.3,2.0
3,2.0,3.3,2.0
4,3.0,4.0,3.7
5,3.0,4.0,3.7
6,3.0,4.0,3.7
7,3.0,4.0,3.7
8,3.0,4.0,4.0
9,3.0,4.0,4.0
25,2.0,3.0,4.0
26,2.0,3.0,4.0
27,2.0,3.0,4.0
31,4.0,4.0,2.7
32,4.0,4.0,2.7
33,4.0,4.0,2.7
34,4.0,4.0,2.7
35,3.0,4.0,2.7
36,3.0,4.0,2.7
37,3.0,2.0,2.0
38,3.0,2.0,2.0
39,3.0,2.0,2.0
46,4.0,2.0,3.3
47,4.0,2.0,3.3
48,4.0,2.0,3.3
58,3.0,4.0,4.0
59,3.0,4.0,4.0
65,3.0,3.3,4.0
66,3.0,3.3,4.0
68,2.0,2.7,2.0
69,2.0,2.7,2.0
75,2.0,3.7,3.3
76,2.0,3.7,3.3
78,3.0,4.0,2.7
79,3.0,4.0,2.7
101,3.0,4.0,2.7
102,3.0,4.0,2.7
104,4.0,3.7,2.0
105,4.0,3.7,2.0
108,2.0,3.7,2.7
109,2.0,3.7,2.7
110,4.0,3.3,4.0
111,4.0,3.3,4.0
112,3.0,4.0,4.0
113,3.0,4.0,4.0
114,2.0,4.0,2.0
115,2.0,4.0,2.0
116,2.0,2.7,2.0
117,2.0,2.7,2.0
118,3.0,3.0,4.0
119,3.0,3.0,4.0
120,3.0,3.0,4.0
126,2.0,3.7,3.3
127,2.0,3.7,3.3
131,3.0,4.0,4.0
132,3.0,4.0,4.0
133,2.0,4.0,4.0
134,2.0,4.0,4.0
135,3.0,3.3,3.7
136,3.0,3.3,3.7
137,2.0,2.7,3.3
138,2.0,2.7,3.3
139,3.0,4.0,2.7
140,3.0,4.0,2.7
141,2.0,2.7,3.3
142,2.0,2.7,3.3
143,2.0,2.0,4.0
144,2.0,2.0,4.0
145,2.0,2.0,4.0
146,2.0,2.0,4.0
147,2.0,3.3,4.0
148,2.0,3.3,4.0
149,4.0,2.7,3.3
150,4.0,2.7,3.3
151,3.0,3.3,3.7
152,3.0,3.3,3.7
153,1.0,2.7,4.0
154,1.0,2.7,4.0
155,3.0,2.7,2.0
156,3.0,2.7,2.0
157,3.0,4.0,2.7
158,3.0,4.0,2.7
159,3.0,3.7,3.3
160,3.0,3.7,3.3
161,4.0,3.7,3.3
162,4.0,3.7,3.3
163,4.0,4.0,3.3
164,4.0,4.0,3.3
165,4.0,4.0,3.7
166,4.0,4.0,3.7
167,3.0,4.0,3.7
168,3.0,4.0,3.7
169,3.0,4.0,3.3
170,3.0,4.0,3.3
171,3.0,2.7,3.3
172,3.0,2.7,3.3
173,3.0,2.7,3.3
174,3.0,2.7,3.3
175,4.0,2.7,2.0
176,4.0,2.7,2.0
177,4.0,2.7,2.0
178,3.0,3.3,4.0
179,3.0,3.3,4.0
180,3.0,4.0,2.0
181,3.0,4.0,2.0
182,3.0,3.7,2.0
183,3.0,3.7,2.0
184,3.0,3.3,4.0
185,3.0,3.3,4.0
186,3.0,2.7,1.0
187,3.0,2.7,1.0
188,4.0,4.0,3.3
189,4.0,4.0,3.3
190,4.0,2.7,3.7
191,4.0,2.7,3.7
192,3.0,3.3,3.3
193,3.0,3.3,3.3
194,3.0,2.7,2.0
195,3.0,2.7,2.0
196,3.0,2.7,2.7
197,3.0,2.7,2.7
198,3.0,3.3,3.3
199,3.0,3.3,3.3
200,3.0,3.3,2.7
201,3.0,3.3,2.7
202,3.0,4.0,4.0
203,3.0,4.0,4.0
204,2.0,2.7,2.0
205,2.0,2.7,2.0
206,4.0,4.0,2.7
207,4.0,4.0,2.7
208,2.0,4.0,3.3
209,2.0,4.0,3.3
210,1.0,4.0,3.3
211,1.0,4.0,3.3
212,3.0,3.7,2.0
213,3.0,3.7,2.0
214,3.0,2.7,3.3
215,3.0,2.7,3.3
216,3.0,4.0,1.0
217,3.0,4.0,1.0
218,3.0,2.7,2.0
219,3.0,2.7,2.0
220,3.0,4.0,2.0
221,3.0,4.0,2.0
222,3.0,3.3,3.7
223,3.0,3.3,3.7
224,4.0,2.0,3.3
225,4.0,2.0,3.3
226,1.0,2.7,4.0
227,1.0,2.7,4.0
228,3.0,2.3,3.3
229,3.0,2.3,3.3
230,3.0,2.7,2.7
231,3.0,2.7,2.7
232,3.0,1.0,4.0
233,3.0,1.0,4.0
234,3.0,3.7,2.0
235,3.0,3.7,2.0
236,4.0,2.7,2.0
237,4.0,2.7,2.0
238,4.0,4.0,3.3
239,4.0,4.0,3.3
240,4.0,3.3,2.0
241,4.0,3.3,2.0
242,4.0,3.3,2.0
243,4.0,3.3,2.0
244,4.0,3.7,2.7
245,4.0,3.7,2.7
246,2.0,4.0,3.3
247,2.0,4.0,3.3
248,3.0,4.0,4.0
249,3.0,4.0,4.0
250,3.0,3.0,2.7
251,3.0,3.0,2.7
252,3.0,3.0,2.7
253,3.0,2.7,4.0
254,3.0,2.7,4.0
255,4.0,3.3,2.7
256,4.0,3.3,2.7
257,4.0,3.3,2.7
258,4.0,3.3,3.3
259,4.0,3.3,3.3
260,4.0,4.0,3.0
261,4.0,4.0,3.0
262,4.0,2.0,3.7
263,4.0,2.0,3.7
264,4.0,4.0,2.0
265,4.0,4.0,2.0
266,4.0,3.0,2.7
267,4.0,3.0,2.7
268,3.0,2.0,2.0
269,3.0,2.0,2.0
270,2.0,3.3,4.0
271,2.0,3.3,4.0
272,3.0,3.3,3.7
273,3.0,3.3,3.7
274,3.0,3.3,2.7
275,3.0,3.3,2.7
276,3.0,3.3,2.7
277,4.0,2.0,2.7
278,4.0,2.0,2.7
279,4.0,3.3,2.0
280,4.0,3.3,2.0
281,2.0,2.0,2.7
282,2.0,2.0,2.7
283,3.0,2.0,3.3
284,3.0,2.0,3.3
285,3.0,2.0,3.3
286,3.0,2.0,3.3
287,3.0,2.0,3.3
288,3.0,2.0,3.3
289,2.0,3.3,3.7
290,2.0,3.3,3.7
291,3.0,4.0,2.7
292,3.0,4.0,2.7
293,3.0,4.0,2.0
294,3.0,4.0,2.0
295,2.0,3.3,4.0
296,2.0,3.3,4.0
297,2.0,2.7,2.7
298,2.0,2.7,2.7
299,2.0,2.7,2.7
300,2.0,2.7,4.0
301,2.0,2.7,4.0
302,2.0,2.7,4.0
303,1.0,2.0,2.7
304,1.0,2.0,2.7
305,4.0,2.7,3.3
306,4.0,2.7,3.3
307,4.0,3.3,4.0
308,4.0,3.3,4.0
309,2.0,4.0,4.0
310,2.0,4.0,4.0
311,3.0,2.7,4.0
312,3.0,2.7,4.0
313,4.0,4.0,4.0
314,4.0,4.0,4.0
315,4.0,3.7,4.0
316,4.0,3.7,4.0
317,3.0,3.3,4.0
318,3.0,3.3,4.0
319,4.0,3.3,2.0
320,4.0,3.3,2.0
321,2.0,2.7,4.0
322,2.0,2.7,4.0
323,2.0,2.7,4.0
324,3.0,2.7,2.7
325,3.0,2.7,2.7
326,3.0,2.7,4.0
327,3.0,2.7,4.0
328,3.0,2.7,4.0
329,3.0,2.7,4.0
330,3.0,2.7,2.0
331,3.0,2.7,2.0
332,3.0,2.7,4.0
333,3.0,2.7,4.0
334,3.0,4.0,2.0
335,3.0,4.0,2.0
336,4.0,3.7,2.7
337,4.0,3.7,2.7
338,4.0,3.7,2.7
339,3.0,4.0,2.7
340,3.0,4.0,2.7
341,2.0,2.0,2.0
342,2.0,2.0,2.0
343,3.0,2.0,2.7
344,3.0,2.0,2.7
345,2.0,2.7,3.3
346,2.0,2.7,3.3
347,2.0,4.0,2.7
348,2.0,4.0,2.7
354,3.0,4.0,2.7
355,3.0,4.0,2.7
356,3.0,3.3,3.3
357,3.0,3.3,3.3
358,4.0,4.0,2.7
359,4.0,4.0,2.7
360,4.0,4.0,2.7
361,4.0,3.3,3.7
362,4.0,3.3,3.7
363,4.0,3.7,2.0
364,4.0,3.7,2.0
365,4.0,3.7,2.0
366,3.0,4.0,4.0
367,3.0,4.0,4.0
368,3.0,4.0,4.0
369,4.0,2.7,2.0
370,4.0,2.7,2.0
371,2.0,2.7,2.7
372,2.0,2.7,2.7
373,2.0,2.7,2.7
374,4.0,4.0,1.0
375,4.0,4.0,1.0
376,2.0,2.0,3.3
377,2.0,2.0,3.3
378,2.0,2.0,3.3
379,3.0,3.3,3.7
380,3.0,3.3,3.7
381,4.0,3.7,2.7
382,4.0,3.7,2.7
383,4.0,3.7,2.7
384,2.0,2.0,2.0
385,2.0,2.0,2.0
386,2.0,2.0,2.0
387,2.0,2.0,2.0
388,4.0,3.3,3.3
389,4.0,3.3,3.3
390,4.0,3.3,3.3
391,4.0,3.3,3.3
392,4.0,3.3,3.3
393,4.0,3.3,3.3
394,4.0,4.0,2.0
395,4.0,4.0,2.0
396,4.0,4.0,2.0
397,4.0,4.0,2.0
398,3.0,4.0,4.0
399,3.0,4.0,4.0
400,3.0,3.7,2.7
401,3.0,3.7,2.7
402,3.0,3.7,2.7
403,3.0,3.3,3.3
404,3.0,3.3,3.3
405,2.0,2.0,3.0
406,2.0,2.0,3.0
407,3.0,2.0,4.0
408,3.0,2.0,4.0
409,4.0,4.0,4.0
410,4.0,4.0,4.0
411,2.0,3.3,2.7
412,2.0,3.3,2.7
413,2.0,4.0,2.7
414,2.0,4.0,2.7
415,3.0,3.3,2.0
416,3.0,3.3,2.0
417,3.0,2.0,4.0
418,3.0,2.0,4.0
419,3.0,3.3,4.0
420,3.0,3.3,4.0
421,2.0,2.7,4.0
422,2.0,2.7,4.0
423,4.0,4.0,3.3
424,4.0,4.0,3.3
425,3.0,2.7,3.3
426,3.0,2.7,3.3
427,2.0,2.0,2.7
428,2.0,2.0,2.7
429,3.0,4.0,4.0
430,3.0,4.0,4.0
431,3.0,4.0,4.0
432,4.0,2.7,2.0
433,4.0,2.7,2.0
434,3.0,2.7,4.0
435,3.0,2.7,4.0
436,3.0,2.7,4.0
437,3.0,4.0,4.0
438,3.0,4.0,4.0
439,3.0,2.7,3.7
440,3.0,2.7,3.7
441,3.0,4.0,2.0
442,3.0,4.0,2.0
443,3.0,3.3,2.7
444,3.0,3.3,2.7
445,2.0,4.0,2.7
446,2.0,4.0,2.7
447,2.0,4.0,2.3
448,2.0,4.0,2.3
449,2.0,4.0,2.3
450,4.0,3.0,2.0
451,4.0,3.0,2.0
453,1.0,3.7,2.7
454,1.0,3.7,2.7
455,1.0,3.7,2.7
456,1.0,3.7,2.7
457,2.0,4.0,1.0
458,2.0,4.0,1.0
459,4.0,3.3,3.3
460,4.0,3.3,3.3
461,2.0,4.0,4.0
462,2.0,4.0,4.0
463,2.0,4.0,4.0
464,3.0,3.7,3.3
465,3.0,3.7,3.3
466,3.0,3.3,4.0
467,3.0,3.3,4.0
468,3.0,3.3,4.0
469,4.0,3.3,2.0
470,4.0,3.3,2.0
471,2.0,4.0,4.0
472,2.0,4.0,4.0
473,3.0,3.7,2.7
474,3.0,3.7,2.7
475,4.0,2.0,3.7
476,4.0,2.0,3.7
477,4.0,2.0,2.0
478,4.0,2.0,2.0
479,2.0,3.0,3.3
480,2.0,3.0,3.3
481,3.0,3.7,3.7
482,3.0,3.7,3.7
483,3.0,2.0,2.7
484,3.0,2.0,2.7
485,3.0,2.0,2.0
486,3.0,2.0,2.0
487,3.0,3.3,3.3
488,3.0,3.3,3.3
489,3.0,2.7,3.3
490,3.0,2.7,3.3
491,4.0,4.0,2.7
492,4.0,4.0,2.7
493,3.0,3.3,1.0
494,3.0,3.3,1.0
495,3.0,4.0,3.3
496,3.0,4.0,3.3
497,3.0,4.0,2.7
498,3.0,4.0,2.7
499,3.0,2.0,2.0
500,3.0,2.0,2.0
501,4.0,3.7,3.0
502,4.0,3.7,3.0
503,2.0,4.0,2.7
504,2.0,4.0,2.7
505,3.0,2.7,3.3
506,3.0,2.7,3.3
507,4.0,3.7,3.0
508,4.0,3.7,3.0
509,3.0,3.7,2.7
510,3.0,3.7,2.7
511,3.0,4.0,4.0
512,3.0,4.0,4.0
513,3.0,4.0,4.0
514,3.0,4.0,4.0
515,4.0,2.0,2.0
516,4.0,2.0,2.0
517,3.0,3.7,2.0
518,3.0,3.7,2.0
519,3.0,3.7,2.0
520,3.0,3.7,2.0
521,3.0,3.7,2.0
522,3.0,2.7,4.0
523,3.0,2.7,4.0
524,2.0,2.7,2.7
525,2.0,2.7,2.7
526,2.0,2.7,2.7
527,2.0,2.0,2.0
528,2.0,2.0,2.0
529,3.0,3.3,1.0
530,3.0,3.3,1.0
531,3.0,3.3,1.0
532,3.0,2.0,2.7
533,3.0,2.0,2.7
534,4.0,4.0,2.0
535,4.0,4.0,2.0
536,4.0,4.0,2.0
537,4.0,3.3,3.3
538,4.0,3.3,3.3
539,2.0,3.0,2.0
540,2.0,3.0,2.0
541,3.0,2.7,4.0
542,3.0,2.7,4.0
543,3.0,2.7,4.0
544,3.0,2.7,2.0
545,3.0,2.7,2.0
547,3.0,4.0,2.7
548,3.0,4.0,2.7
549,3.0,2.7,4.0
550,3.0,2.7,4.0
551,3.0,2.7,4.0
554,4.0,3.3,4.0
555,4.0,3.3,4.0
556,4.0,3.3,4.0
565,3.0,2.7,3.7
566,3.0,2.7,3.7
567,3.0,2.7,3.7
576,4.0,2.0,2.7
577,4.0,2.0,2.7
586,4.0,3.7,2.7
587,4.0,3.7,2.7
593,4.0,2.7,2.0
594,4.0,2.7,2.0
598,3.0,3.0,2.7
599,3.0,3.0,2.7
608,2.0,3.3,2.0
609,2.0,3.3,2.0
610,4.0,4.0,4.0
611,4.0,4.0,4.0
612,4.0,4.0,4.0
614,4.0,2.0,2.0
615,4.0,2.0,2.0
616,4.0,2.0,2.0
620,3.0,4.0,2.7
621,3.0,4.0,2.7
622,4.0,3.3,4.0
623,4.0,3.3,4.0
624,4.0,3.3,4.0
625,4.0,3.3,4.0
626,4.0,2.0,4.0
627,4.0,2.0,4.0
628,4.0,4.0,4.0
629,4.0,4.0,4.0
630,3.0,3.3,2.0
631,3.0,3.3,2.0
632,4.0,4.0,4.0
633,4.0,4.0,4.0
634,2.0,2.0,4.0
635,2.0,2.0,4.0
636,4.0,3.7,3.3
637,4.0,3.7,3.3
638,4.0,3.7,3.3
639,4.0,2.7,3.3
640,4.0,2.7,3.3
641,3.0,2.7,3.0
642,3.0,2.7,3.0
643,3.0,3.3,3.7
644,3.0,3.3,3.7
645,2.0,3.7,3.7
646,2.0,3.7,3.7
647,4.0,4.0,4.0
648,4.0,4.0,4.0
649,4.0,3.7,2.0
650,4.0,3.7,2.0
651,4.0,1.0,2.7
652,4.0,1.0,2.7
653,3.0,2.0,2.7
654,3.0,2.0,2.7
655,3.0,2.0,2.7
656,3.0,2.0,2.7
657,3.0,2.7,4.0
658,3.0,2.7,4.0
659,4.0,3.3,4.0
660,4.0,3.3,4.0
661,2.0,2.0,2.7
662,2.0,2.0,2.7
663,4.0,2.0,2.3
664,4.0,2.0,2.3
665,4.0,2.0,3.0
666,4.0,2.0,3.0
667,4.0,2.0,3.0
668,3.0,2.0,2.7
669,3.0,2.0,2.7
670,4.0,4.0,1.0
671,4.0,4.0,1.0
672,3.0,2.0,2.0
673,3.0,2.0,2.0
674,4.0,2.0,3.3
675,4.0,2.0,3.3
676,3.0,2.0,2.7
677,3.0,2.0,2.7
680,4.0,4.0,3.3
681,4.0,4.0,3.3
682,4.0,2.0,4.0
683,4.0,2.0,4.0
684,4.0,2.0,4.0
685,4.0,2.0,4.0
686,4.0,4.0,4.0
687,4.0,4.0,4.0
688,4.0,4.0,2.7
689,4.0,4.0,2.7
690,4.0,3.3,3.3
691,4.0,3.3,3.3
692,4.0,3.3,2.7
693,4.0,3.3,2.7
694,4.0,3.7,3.3
695,4.0,3.7,3.3
696,2.0,3.3,1.0
697,2.0,3.3,1.0
698,2.0,3.3,2.0
699,2.0,3.3,2.0
700,2.0,2.0,2.0
701,2.0,2.0,2.0
702,3.0,3.3,4.0
703,3.0,3.3,4.0
704,4.0,2.0,4.0
705,4.0,2.0,4.0
706,4.0,2.7,2.7
707,4.0,2.7,2.7
710,4.0,2.0,3.3
711,4.0,2.0,3.3
712,4.0,2.0,3.3
713,4.0,2.0,3.3
714,2.0,3.3,4.0
715,2.0,3.3,4.0
716,3.0,4.0,4.0
717,3.0,4.0,4.0
718,3.0,4.0,4.0
719,3.0,4.0,4.0
720,2.0,4.0,2.0
721,2.0,4.0,2.0
722,4.0,1.0,2.7
723,4.0,1.0,2.7
724,4.0,4.0,4.0
725,4.0,4.0,4.0
726,4.0,3.7,2.0
727,4.0,3.7,2.0
728,4.0,2.7,4.0
729,4.0,2.7,4.0
730,3.0,2.7,2.7
731,3.0,2.7,2.7
732,4.0,2.3,2.0
733,4.0,2.3,2.0
734,3.0,3.3,2.7
735,3.0,3.3,2.7
736,3.0,3.3,2.7
737,3.0,2.7,4.0
738,3.0,2.7,4.0
739,4.0,2.0,3.3
740,4.0,2.0,3.3
741,3.0,3.7,4.0
742,3.0,3.7,4.0
743,4.0,2.7,2.7
744,4.0,2.7,2.7
745,3.0,4.0,3.3
746,3.0,4.0,3.3
747,3.0,4.0,3.3
748,3.0,4.0,3.7
749,3.0,4.0,3.7
750,3.0,3.7,4.0
751,3.0,3.7,4.0
752,3.0,4.0,4.0
753,3.0,4.0,4.0
754,3.0,4.0,2.7
755,3.0,4.0,2.7
756,3.0,4.0,2.7
757,4.0,2.7,4.0
758,4.0,2.7,4.0
759,4.0,2.7,4.0
760,4.0,3.3,4.0
761,4.0,3.3,4.0
762,4.0,3.3,2.7
763,4.0,3.3,2.7
764,2.0,4.0,2.0
765,2.0,4.0,2.0
766,2.0,4.0,2.0
772,4.0,2.7,2.0
773,4.0,2.7,2.0
778,2.0,3.7,3.3
779,2.0,3.7,3.3
780,2.0,3.7,3.3
781,4.0,2.0,2.0
782,4.0,2.0,2.0
783,4.0,3.3,3.3
784,4.0,3.3,3.3
785,4.0,3.0,2.0
786,4.0,3.0,2.0
787,3.0,2.0,2.0
788,3.0,2.0,2.0
789,4.0,2.7,2.7
790,4.0,2.7,2.7
791,2.0,3.7,2.0
792,2.0,3.7,2.0
793,4.0,3.3,2.7
794,4.0,3.3,2.7
795,4.0,2.0,2.0
796,4.0,2.0,2.0
797,4.0,2.7,4.0
798,4.0,2.7,4.0
799,4.0,3.3,4.0
800,4.0,3.3,4.0
801,2.0,4.0,3.0
802,2.0,4.0,3.0
803,4.0,4.0,4.0
804,4.0,4.0,4.0
805,2.0,2.0,4.0
806,2.0,2.0,4.0
807,2.0,2.0,4.0
808,4.0,3.3,3.3
809,4.0,3.3,3.3
810,4.0,4.0,4.0
811,4.0,4.0,4.0
812,4.0,4.0,4.0
813,4.0,4.0,4.0
814,4.0,4.0,4.0
